UNIX
/work/scratch-pw2/pmcguire/TRENDYv12/db/clim/global/crujra_2023/30min
/work/scratch-pw2/pmcguire/TRENDYv12/db/stats/global/era40/30min
/work/scratch-pw2/pmcguire/TRENDYv12/db/soil/global/islscp2/2deg/0-150_plus_CtoN_soilP
5 1700 1
/work/scratch-pw2/pmcguire/TRENDYv12/db/landcover/hyde/LUH2/v2h_2023/states2b.nc
/work/scratch-pw2/pmcguire/TRENDYv12/db/landcover/hyde/LUH2/v2h_2023/transitions2b.nc
/work/scratch-pw2/pmcguire/TRENDYv12/db/land_use/global/ESACCILCP2014_LUH2v2h_2023/30min
/work/scratch-pw2/pmcguire/TRENDYv12/db/land_use/global/ESACCILCP2014_LUH2v2h_2023/pre-ind/30min
/work/scratch-pw2/pmcguire/TRENDYv12/db/co2/global_co2_ann_1700_2022_TRENDY.dat
28.019
/work/scratch-pw2/pmcguire/TRENDYv12/db
0
0 1 1 0 0 0
1 8 0 0 0 

ARGUMENT
ARGUMENT

1 1 1
500 1901 20 0 500
PIXEL MONTHLY 500 gpp nep swc evt lai tmp prc
SUBPIXEL ALL 2 cov 
SNAPSHOTS 

BARE  1.0
CITY  0.0

C3p    1.0 1 1 0.0   0   2 0.405 7.20 1.7  0.00750   360 360 360  0.005 0.050  21 1.0  8.0 110.0 21  5 -40.0   50.0 0.000 0.000 0.10 0.95 6.42 40.96 29.1 1.63 0.005 6.0
C4p    1.0 2 1 0.0   0   2 0.405 7.20 1.7  0.00750   360 360 360  0.005 0.050  21 1.0  8.0 110.0 21  5 -40.0   50.0 0.000 0.000 0.10 0.95 0.0  11.0  29.1 1.63 0.005 6.0
C3crop 1.0 1 1 1.0 180   1 0.405 7.20 1.7  0.01500   180 360 360  0.003 0.030  21 1.0  8.0 110.0 21  5   0.0   50.0 0.000 0.000 0.10 1.0  4.71 59.23 29.1 1.63 0.005 6.0
C4crop 1.0 2 1 1.0 180   1 0.405 7.20 1.7  0.01500   180 360 360  0.003 0.030  21 1.0  8.0 110.0 21  5   0.0   50.0 0.000 0.000 0.10 1.0  0.0  11.0  29.1 1.63 0.005 6.0
C3s    1.0 1 1 0.0   0   2 0.405 7.20 1.7  0.00750   360 360 360  0.005 0.050  21 1.0  8.0 110.0 21  5 -40.0   50.0 0.000 0.000 0.10 0.95 6.42 40.96 29.1 1.63 0.005 6.0
C4s    1.0 2 1 0.0   0   2 0.405 7.20 1.7  0.00750   360 360 360  0.005 0.050  21 1.0  8.0 110.0 21  5 -40.0   50.0 0.000 0.000 0.10 0.95 0.0  11.0  29.1 1.63 0.005 6.0
Ev_Bp  1.0 1 2 0.0   0 200 0.405 7.20 2.2  0.00500  1800 360 360  0.003 0.100  21 1.0  8.0 110.0 21  5 -10.0  200.0 0.010 0.004 0.10 0.9  8.9   9.3  29.1 1.63 0.005 6.0
Ev_Np  1.0 1 2 0.0   0 200 0.275 1.10 3.6  0.00500  1800 360 360  0.003 0.100  21 1.0  8.0 110.0 21  5 -50.0  200.0 0.010 0.004 0.10 0.65 6.32 18.5  29.1 1.63 0.005 6.0
Dc_Bp  1.0 1 2 0.0   0 200 0.375 5.50 2.2  0.01500   210 360 360  0.003 0.250  21 1.0  8.0 120.0 21  5   0.0  100.0 0.010 0.004 0.10 0.85 5.73 29.8  29.1 1.63 0.005 6.0
Dc_Np  1.0 1 2 0.0   0 200 0.240 0.83 3.6  0.01500   210 360 360  0.003 0.250  21 1.0  8.0 110.0 21  5   0.0  100.0 0.010 0.004 0.10 0.55 6.32 18.5  29.1 1.63 0.005 6.0
Ev_Bs  1.0 1 2 0.0   0 200 0.405 7.20 2.2  0.00500  1800 360 360  0.003 0.100  21 1.0  8.0 110.0 21  5 -10.0  200.0 0.010 0.004 0.10 0.9  8.9   9.3  29.1 1.63 0.005 6.0
Ev_Ns  1.0 1 2 0.0   0 200 0.275 1.10 3.6  0.00500  1800 360 360  0.003 0.100  21 1.0  8.0 110.0 21  5 -50.0  200.0 0.010 0.004 0.10 0.65 6.32 18.5  29.1 1.63 0.005 6.0
Dc_Bs  1.0 1 2 0.0   0 200 0.375 5.50 2.2  0.01500   210 360 360  0.003 0.250  21 1.0  8.0 120.0 21  5   0.0  100.0 0.010 0.004 0.10 0.85 5.73 29.8  29.1 1.63 0.005 6.0
Dc_Ns  1.0 1 2 0.0   0 200 0.240 0.83 3.6  0.01500   210 360 360  0.003 0.250  21 1.0  8.0 110.0 21  5   0.0  100.0 0.010 0.004 0.10 0.55 6.32 18.5  29.1 1.63 0.005 6.0

1   100 BARE
2   100 Ev_Bp
3   100 Dc_Bp
4   100 Ev_Np
5   100 Dc_Np
6   100 Dc_Bp
7   100 C3p 
8   100 C4p
9   100 C3crop
10  100 C4crop
11  100 Ev_Bs
12  100 Dc_Bs
13  100 Ev_Ns
14  100 Dc_Ns
15  100 Dc_Bs
16  100 C3s 
17  100 C4s

0.05 0.5 1000

ARGUMENT

0 0 0 0 0 0 0 100.0 

1901 1

