UNIX
#HOME#/Drought2018/db/Drt2018/ERA5/Europe/S2_SDGVM/15min
#HOME##DATA#/stats/global/era40/30min
#HOME##DATA#/soil/global/islscp2/2deg/0-150_plus_CtoN_soilP
#HOME##DATA#/land_use/global/ESACCILCP2014_LUH2v2h/pre-ind/30min
#HOME#/Drought2018/db/Drt2018/global_co2_ann_1700_2018_div10.txt
-1.0 
#HOME##DATA#
0
0 1 1 0 0 0
1 8 0 0 0 

ARGUMENT
ARGUMENT

0 0 0 
1000 1979 20 1 1000 
PIXEL    MONTHLY 118 tmp prc qdr qdf swc snw rof evt gpp rsp npp srp nep trn lai vcm jmx
SUBPIXEL MONTHLY 118 evt trn bse snw bio gpp npp cov lai
SNAPSHOTS 

BARE  1.0
CITY  0.0

C3     1.0 1 1 0.0   0   2 0.405 7.20 1.7  0.00750   360 360 360  0.005 0.050  21 1.0  8.0 110.0 21  5 -40.0   50.0 0.000 0.000 0.10 0.95 6.42 40.96 29.1 1.63 0.005 6.0
C4     1.0 2 1 0.0   0   2 0.405 7.20 1.7  0.00750   360 360 360  0.005 0.050  21 1.0  8.0 110.0 21  5 -40.0   50.0 0.000 0.000 0.10 0.95 0.0  11.0  29.1 1.63 0.005 6.0
C3crop 1.0 1 1 1.0 180   1 0.405 7.20 1.7  0.01500   180 360 360  0.003 0.030  21 1.0  8.0 110.0 21  5   0.0   50.0 0.000 0.000 0.10 1.0  4.71 59.23 29.1 1.63 0.005 6.0
C4crop 1.0 2 1 1.0 180   1 0.405 7.20 1.7  0.01500   180 360 360  0.003 0.030  21 1.0  8.0 110.0 21  5   0.0   50.0 0.000 0.000 0.10 1.0  0.0  11.0  29.1 1.63 0.005 6.0
Ev_Bl  1.0 1 2 0.0   0 200 0.405 7.20 2.2  0.00500  1800 360 360  0.003 0.100  21 1.0  8.0 110.0 21  5 -10.0  200.0 0.010 0.004 0.10 0.9  8.9   9.3  29.1 1.63 0.005 6.0
Ev_Nl  1.0 1 2 0.0   0 200 0.275 1.10 3.6  0.00500  1800 360 360  0.003 0.100  21 1.0  8.0 110.0 21  5 -50.0  200.0 0.010 0.004 0.10 0.65 6.32 18.5  29.1 1.63 0.005 6.0
Dc_Bl  1.0 1 2 0.0   0 200 0.375 5.50 2.2  0.01500   210 360 360  0.003 0.250  21 1.0  8.0 120.0 21  5   0.0  100.0 0.010 0.004 0.10 0.85 5.73 29.8  29.1 1.63 0.005 6.0
Dc_Nl  1.0 1 2 0.0   0 200 0.240 0.83 3.6  0.01500   210 360 360  0.003 0.250  21 1.0  8.0 110.0 21  5   0.0  100.0 0.010 0.004 0.10 0.55 6.32 18.5  29.1 1.63 0.005 6.0

1   100 BARE
2   100 Ev_Bl
3   100 Dc_Bl
4   100 Ev_Nl
5   100 Dc_Nl
6   100 Dc_Bl
7   100 C3 
8   100 C4
9   100 C3crop
10  100 C4crop

0.05 0.5 1000

ARGUMENT

0 0 0 0 0 0 0 100.0 

0
2010 1

