 evt v1 63.500 -115.500    124.1    242.1    233.5    223.6    226.9    225.4    231.0    295.1    283.4    264.9    229.6    266.1    258.2    270.2    239.7    229.1    238.0    220.5    244.3    257.0    259.2    238.0    249.9    241.3    279.9    276.6    232.2    255.5    263.4    281.0    236.9    254.2    258.2    273.2    242.3    227.8    241.6    223.0    248.2    256.7    260.3    239.5    251.6    238.9    277.2    277.4    232.7    255.7    259.0    280.5    236.5    254.2    253.8    272.6    241.4    227.3    240.2    221.5    246.8    255.1    258.9    238.1    250.2    237.5    275.8    275.9    232.0    254.2    257.6    279.3    235.5    253.2    253.1    271.3    240.3    226.3    239.2    220.5    245.9    254.0    257.9    237.2    249.3    236.6    274.8    274.9    231.5    253.1    256.7    278.5    234.7    252.4    252.5    270.3    239.4    225.5    238.3    219.6    245.0    253.0    257.1    236.4    248.4    235.6    273.9    273.8    230.9    252.0    255.7    277.6    233.9    251.6    252.1    269.3    238.4    224.6    237.5    218.6    244.1    251.9    256.2    236.0    247.5    234.6    272.9    272.9    230.5    251.1    254.8    276.7    233.2    250.9    251.3    268.3    237.6    223.8    236.7    217.8    243.3    250.1    254.2    234.1    245.2    232.6    271.2    271.5    230.1    249.9    253.8    275.9    232.7    250.3    250.6    267.6    237.0    223.2    236.2    217.3    242.6    249.4    253.7    233.7    244.8    232.2    270.8    271.1    229.8    249.5    253.4    275.6    232.5    250.0    250.3    267.2    236.6    222.9    235.9    217.0    242.3    249.0    253.4    233.5    244.6    232.0    270.6    270.9    229.7    249.2    253.2    275.4    232.4    249.9    250.1    267.0    236.5    222.8    235.8    216.8    242.2    248.8    253.3    233.4    244.4    231.8    270.4    270.6    229.4    248.9    252.8    275.0    232.0    249.4    249.5    266.2    235.7    222.0    234.9    215.9    240.8    247.2    252.1    232.6    243.3    230.6    269.2    269.4    228.5    247.3    250.6    272.3    230.0    247.2    247.1    263.9    234.0    220.6    233.9    214.6    239.5    245.0    249.9    230.4    241.2    228.7    267.7    268.3    227.6    246.2    249.8    271.7    229.6    246.8    246.7    263.5    233.7    220.3    233.7    214.3    239.2    244.7    249.7    230.3    241.1    228.7    267.6    268.3    227.6    246.2    249.8    271.7    229.6    246.9    246.8    263.7    233.8    220.5    233.9    214.5    239.5    244.9    249.9    230.5    241.3    228.9    267.9    268.4    227.8    246.6    250.1    272.0    229.8    247.1    247.1    263.9    234.0    220.7    234.1    214.8    239.9    245.4    250.2    230.7    241.5    229.1    268.1    268.7    228.0    247.0    250.5    272.3    230.0    247.3    247.3    264.2    234.3    221.0    234.3    215.2    240.2    246.6    251.7    232.5    243.2    230.6    269.3    269.5    228.6    247.5    250.9    272.6    230.2    247.5    247.5    264.4    234.5    221.1    234.5    215.3    240.4    246.8    251.9    232.6    243.3    230.7    269.4    269.6    228.7    247.7    251.1    272.7    230.2    247.6    247.6    264.5    234.6    221.2    234.5    215.4    240.5    246.9    251.9    232.6    243.4    230.8    269.4    269.6    228.7    247.8    251.1    272.8    230.3    247.6    247.6    264.5    234.6    221.2    234.6    215.4    240.5    246.9    251.9    232.6    243.4    230.8    269.4    269.7    228.7    247.8    251.1    272.8    230.3    247.6    247.6    264.5    234.6    221.2    234.5    215.4    240.5    246.9    251.9    232.6    243.4    230.8    269.4    269.6    228.7    247.8    251.1    272.8    230.3    247.6    247.6    264.5    234.6    221.2    234.5    215.4    240.5    246.9    251.9    232.6    243.4    230.8    269.4    269.6    228.7    247.8    251.1    272.8    230.3    247.6    247.6    264.5    234.6    221.2    234.6    215.4    240.5    246.9    251.9    232.6    243.4    230.8    269.4    269.7    228.7    247.8    251.1    272.8    230.3    247.6    247.6    264.5    234.6    221.2    234.6    215.4    240.5    246.9    251.9    232.6    243.4    230.8    269.4    269.7    228.7    247.8    251.1    272.8    230.3    247.6    247.6    264.5    234.6    221.2    234.6    215.4    240.5    246.9    251.9    232.6    243.4    230.8    269.4    269.7    228.7    247.8    251.1    272.8    230.3    247.6    247.6    264.6    234.6    221.2    234.6    215.4    240.5    246.9

evt v2  63.500 -115.500    112.1    251.9    240.2    226.4    230.0    227.2    234.1    307.8    286.2    267.8    235.8    270.8    258.5    271.3    251.1    235.2    236.4    220.4    244.3    260.6    267.1    245.4    256.0    245.1    288.6    278.8    231.3    269.1    256.9    284.8    239.6    264.8    256.2    273.8    251.5    231.4    237.5    223.1    249.2    259.5    266.7    247.6    258.1    242.0    285.2    280.3    232.1    269.4    251.5    284.2    239.2    264.8    250.8    273.1    250.4    230.9    236.0    221.7    247.7    257.6    264.9    245.9    256.6    240.7    283.4    278.9    230.9    267.6    250.0    282.7    237.8    263.6    249.7    271.6    249.0    229.8    235.3    220.6    246.5    256.3    263.7    244.8    255.4    239.7    282.2    277.8    230.0    266.3    248.9    281.6    236.8    262.6    248.7    270.4    247.9    228.8    234.5    219.5    245.4    255.1    262.6    243.7    254.2    238.7    281.0    276.6    229.1    265.0    247.8    280.4    235.8    261.6    247.6    269.2    246.7    227.9    233.8    218.5    244.3    253.8    261.4    242.6    253.1    237.7    279.8    275.5    228.2    263.7    246.6    279.3    234.8    260.6    246.6    268.0    245.6    227.0    233.1    217.6    243.3    251.9    258.9    240.0    250.3    235.4    277.6    273.8    227.1    262.3    245.5    278.2    234.0    259.9    245.8    267.2    244.8    226.4    232.5    217.0    242.5    251.0    258.2    239.4    249.8    234.9    277.1    273.3    226.7    261.8    245.0    277.7    233.6    259.5    245.4    266.7    244.4    226.0    232.2    216.6    242.1    250.5    257.8    239.1    249.5    234.7    276.8    273.0    226.5    261.5    244.8    277.5    233.4    259.3    245.3    266.5    244.2    225.9    232.0    216.5    241.9    250.4    257.7    239.0    249.3    234.5    276.5    272.7    226.2    261.0    244.2    276.9    232.7    258.6    244.5    265.6    243.1    225.0    231.0    215.4    240.2    248.4    256.0    237.6    247.8    233.0    275.0    271.2    225.1    259.1    241.7    273.6    229.8    255.8    242.1    262.8    240.9    223.4    229.6    214.0    238.6    246.0    253.5    235.1    245.1    230.7    273.0    269.7    224.2    257.8    240.6    272.8    229.3    255.3    241.6    262.3    240.5    223.1    229.3    213.6    238.2    245.7    253.3    235.0    245.1    230.7    272.9    269.7    224.2    257.9    240.7    272.9    229.4    255.4    241.7    262.5    240.7    223.2    229.5    213.9    238.5    246.0    253.6    235.2    245.3    230.9    273.2    269.9    224.4    258.3    241.1    273.3    229.7    255.7    242.0    262.8    241.1    223.6    229.8    214.3    239.0    246.5    254.0    235.5    245.7    231.2    273.6    270.3    224.7    258.8    241.6    273.7    229.9    256.0    242.3    263.2    241.4    223.9    230.1    214.6    239.4    247.8    255.7    237.4    247.6    233.0    275.0    271.3    225.2    259.5    242.0    274.1    230.2    256.3    242.6    263.4    241.6    224.1    230.3    214.8    239.7    248.0    255.9    237.6    247.8    233.1    275.2    271.4    225.3    259.7    242.2    274.2    230.3    256.3    242.6    263.5    241.7    224.2    230.3    214.9    239.8    248.1    255.9    237.6    247.9    233.2    275.2    271.5    225.4    259.8    242.3    274.3    230.4    256.4    242.7    263.6    241.7    224.2    230.3    214.9    239.8    248.2    256.0    237.6    247.9    233.2    275.2    271.5    225.4    259.8    242.3    274.3    230.4    256.4    242.7    263.5    241.7    224.2    230.3    214.9    239.8    248.1    255.9    237.6    247.9    233.2    275.2    271.5    225.4    259.8    242.2    274.2    230.3    256.4    242.6    263.5    241.7    224.2    230.3    214.9    239.8    248.1    255.9    237.6    247.9    233.2    275.2    271.5    225.4    259.8    242.3    274.3    230.3    256.4    242.7    263.6    241.7    224.2    230.3    214.9    239.8    248.2    256.0    237.6    247.9    233.2    275.2    271.5    225.4    259.8    242.3    274.3    230.4    256.4    242.7    263.6    241.8    224.2    230.3    214.9    239.8    248.2    256.0    237.6    247.9    233.2    275.2    271.5    225.4    259.8    242.3    274.3    230.4    256.4    242.7    263.6    241.8    224.2    230.4    214.9    239.8    248.2    256.0    237.6    247.9    233.2    275.2    271.5    225.4    259.8    242.3    274.3    230.4    256.4    242.7    263.6    241.8    224.2    230.4    214.9    239.8    248.2

evt v3 63.500 -115.500     99.0    247.9    235.5    221.0    223.0    220.7    229.0    301.5    282.9    263.0    231.7    268.1    257.5    267.0    245.4    231.3    231.5    215.3    234.8    251.2    258.3    237.7    248.3    236.3    278.5    271.4    222.8    259.2    250.3    275.7    232.5    256.4    250.5    263.7    245.4    226.3    231.4    216.7    238.8    249.9    258.3    239.6    250.5    233.5    275.0    272.3    223.5    259.5    244.9    275.1    231.9    256.4    245.0    262.8    244.3    225.6    229.7    215.0    237.1    248.0    256.5    237.9    248.7    231.7    273.1    270.6    222.3    257.6    243.2    273.5    230.6    255.2    243.7    261.4    242.9    224.5    228.6    213.9    235.9    246.6    255.3    236.8    247.5    230.5    271.9    269.5    221.3    256.3    242.0    272.3    229.7    254.1    242.6    260.1    241.7    223.5    227.6    212.8    234.8    245.4    254.1    235.8    246.3    229.3    270.7    268.4    220.3    255.0    240.8    271.1    228.7    252.9    241.4    258.9    240.4    222.4    226.6    211.8    233.6    244.1    252.9    234.8    245.1    228.1    269.4    267.3    219.4    253.6    239.7    270.0    227.7    251.7    240.3    257.7    239.3    221.3    225.7    210.8    232.7    243.0    251.9    233.9    244.1    227.2    268.5    266.4    218.6    252.6    238.8    269.1    226.9    250.8    239.5    256.9    238.5    220.6    225.1    210.2    232.0    242.3    251.3    233.5    243.4    226.5    267.8    265.9    218.1    252.0    238.2    268.6    226.4    250.3    239.0    256.4    238.1    220.1    224.7    209.8    231.5    240.9    249.3    231.3    241.2    224.7    266.2    264.8    217.3    251.3    237.7    268.2    226.1    250.0    238.7    256.1    237.9    220.0    224.6    209.7    231.4    240.8    249.2    231.2    241.1    224.5    266.0    264.5    217.0    250.8    237.2    267.6    225.5    249.3    237.9    255.2    236.8    218.9    223.5    208.6    229.7    238.8    247.5    229.8    239.6    223.0    264.4    262.9    215.7    249.0    235.6    266.0    224.1    247.8    236.4    253.6    235.4    217.6    222.3    207.5    228.1    237.2    246.2    228.8    238.6    222.1    263.6    262.1    215.1    248.0    233.9    263.6    221.7    245.3    234.3    251.8    234.1    216.6    221.6    206.9    227.6    236.7    245.9    228.5    238.4    222.0    263.5    262.0    215.1    248.0    234.0    263.7    221.7    245.4    234.4    251.9    234.3    216.9    221.8    207.1    227.9    237.1    246.2    228.8    238.7    222.3    263.8    262.3    215.4    248.5    235.3    265.8    223.9    247.6    236.4    253.6    235.5    217.7    222.5    207.7    228.5    237.6    246.7    229.2    239.1    222.7    264.2    262.7    215.7    248.9    235.6    266.1    224.2    248.0    236.7    254.0    235.8    218.0    222.8    208.0    228.9    238.0    247.0    229.5    239.4    223.0    264.5    262.9    215.9    249.2    235.9    266.4    224.5    248.2    236.9    254.2    236.0    218.2    223.0    208.2    229.2    238.3    247.2    229.7    239.6    223.1    264.6    263.1    216.0    249.4    236.1    266.5    224.6    248.3    237.1    254.4    236.2    218.4    223.1    208.3    229.3    238.5    247.3    229.7    239.6    223.2    264.7    263.2    216.0    249.4    236.1    266.6    224.7    248.4    237.1    254.4    236.2    218.4    223.1    208.3    229.3    238.5    247.4    229.8    239.7    223.2    264.7    263.2    216.1    249.4    236.1    266.6    224.7    248.4    237.1    254.4    236.2    218.4    223.1    208.3    229.3    238.5    247.3    229.8    239.7    223.2    264.7    263.2    216.0    249.4    236.1    266.6    224.7    248.4    237.1    254.4    236.2    218.4    223.1    208.3    229.3    238.5    247.3    229.8    239.7    223.2    264.7    263.2    216.0    249.4    236.1    266.6    224.7    248.4    237.1    254.4    236.2    218.4    223.1    208.3    229.3    238.5    247.4    229.8    239.7    223.2    264.7    263.2    216.1    249.5    236.1    266.6    224.7    248.4    237.1    254.4    236.2    218.4    223.1    208.3    229.3    238.5    247.4    229.8    239.7    223.2    264.7    263.2    216.1    249.5    236.1    266.6    224.7    248.4    237.1    254.4    236.2    218.4    223.1    208.3    229.3    238.5    247.4    229.8    239.7    223.2    264.7    263.2    216.1    249.5    236.1    266.6    224.7    248.4    237.1    254.4    236.2    218.4    223.1    208.3    229.3    238.5

evt v4 63.500 -115.500     77.6    136.2    160.8    168.0    199.4    209.8    183.6    217.8    216.9    227.6    197.1    221.3    217.0    223.3    211.9    197.3    200.1    184.8    201.7    213.0    215.1    201.9    216.3    200.3    232.9    231.2    189.9    221.2    216.6    226.9    196.2    220.3    216.1    222.6    211.5    197.0    200.0    184.9    201.8    213.3    215.5    202.3    216.9    200.8    233.6    231.9    190.5    221.9    217.3    227.5    196.8    220.9    216.7    223.2    212.0    197.5    200.5    185.2    202.2    213.6    215.8    202.6    217.1    201.0    233.7    231.9    190.5    221.9    217.2    227.4    196.6    220.7    216.4    222.9    211.7    197.1    200.1    184.8    201.7    213.1    215.3    202.0    216.4    200.4    232.9    231.2    189.9    221.1    216.4    226.6    195.9    219.8    215.5    222.0    210.7    196.2    199.1    184.0    200.8    212.1    214.1    201.0    215.4    199.3    231.7    230.0    188.9    219.8    215.1    225.4    194.8    218.6    214.3    220.8    209.5    195.1    197.9    183.0    199.6    210.9    212.8    199.9    214.1    198.2    230.3    228.7    187.9    218.5    213.8    224.2    193.7    217.3    212.9    219.5    208.3    193.9    196.6    181.9    198.5    209.7    211.5    198.7    212.9    197.0    229.0    227.5    186.9    217.2    212.5    223.1    192.6    216.1    211.7    218.3    207.1    192.8    195.5    181.0    197.4    208.6    210.4    197.7    211.8    196.0    227.8    226.3    186.0    216.0    211.4    222.0    191.7    215.0    210.6    217.3    206.1    191.8    194.5    180.1    196.3    206.4    207.6    194.9    209.0    193.6    225.5    224.5    184.7    214.7    210.2    221.0    190.9    214.0    209.7    216.4    205.2    191.0    193.7    179.5    195.3    205.4    206.7    194.3    208.4    193.1    225.0    224.1    184.4    214.3    209.8    220.7    190.7    213.8    209.5    216.4    205.3    191.1    193.9    179.7    195.7    205.9    207.1    194.7    208.9    193.6    225.6    224.7    184.9    215.0    210.5    221.4    191.3    214.6    210.4    217.1    206.1    191.9    194.7    180.3    196.6    206.8    208.0    195.4    209.6    194.3    226.4    225.4    185.5    215.7    211.3    222.1    191.9    215.3    211.1    217.8    206.7    192.5    195.3    180.8    197.3    207.6    208.7    195.9    210.1    194.7    226.9    225.9    185.9    216.2    211.8    222.5    192.3    215.8    211.6    218.2    207.1    192.8    195.6    181.1    197.7    208.9    210.8    198.2    212.3    196.5    228.5    227.1    186.6    216.9    212.3    222.9    192.6    216.0    211.8    218.4    207.3    193.0    195.8    181.3    197.8    209.0    210.9    198.2    212.4    196.6    228.6    227.1    186.7    217.0    212.4    223.0    192.6    216.1    211.8    218.5    207.3    193.0    195.8    181.3    197.8    209.0    210.9    198.3    212.4    196.6    228.6    227.1    186.7    217.0    212.4    223.0    192.6    216.1    211.8    218.5    207.3    193.0    195.8    181.3    197.8    209.0    210.9    198.2    212.4    196.6    228.6    227.1    186.7    216.9    212.4    222.9    192.6    216.1    211.8    218.4    207.3    193.0    195.7    181.2    197.8    209.0    210.9    198.2    212.4    196.6    228.6    227.1    186.6    216.9    212.3    222.9    192.6    216.0    211.8    218.4    207.2    192.9    195.7    181.2    197.8    208.9    210.9    198.2    212.4    196.6    228.5    227.1    186.6    216.9    212.3    222.9    192.5    216.0    211.7    218.4    207.2    192.9    195.7    181.2    197.7    208.9    210.8    198.2    212.3    196.5    228.5    227.0    186.6    216.9    212.3    222.9    192.5    216.0    211.7    218.4    207.2    192.9    195.7    181.2    197.7    208.9    210.8    198.2    212.3    196.5    228.5    227.0    186.6    216.9    212.3    222.9    192.5    216.0    211.7    218.4    207.2    192.9    195.7    181.2    197.7    208.9    210.8    198.2    212.3    196.5    228.5    227.0    186.6    216.9    212.3    222.9    192.5    216.0    211.7    218.4    207.2    192.9    195.7    181.2    197.7    208.9    210.8    198.2    212.3    196.5    228.5    227.0    186.6    216.9    212.3    222.9    192.5    216.0    211.7    218.4    207.2    192.9    195.7    181.2    197.7    208.9    210.8    198.2    212.3    196.5    228.5    227.0    186.6    216.9    212.3    222.9    192.5    216.0    211.7    218.4    207.2    192.9    195.7    181.2    197.7    208.9

evt v5 63.500 -115.500     94.2    150.1    178.0    183.5    220.3    228.3    199.5    235.2    230.2    249.1    215.0    238.5    231.1    239.4    228.1    212.2    214.6    197.7    217.7    228.6    235.0    216.9    231.8    214.7    252.6    248.8    205.3    238.2    229.5    248.1    213.8    237.1    229.9    238.4    227.4    211.8    214.1    197.5    217.7    228.6    235.2    217.2    232.1    215.1    253.1    249.2    205.7    238.7    230.1    248.6    214.3    237.6    230.4    238.9    227.8    212.1    214.5    197.8    217.9    228.8    235.4    217.3    232.2    215.1    253.1    249.2    205.7    238.7    230.0    248.4    214.1    237.4    230.1    238.6    227.4    211.8    214.1    197.4    217.5    228.3    234.8    216.7    231.6    214.5    252.3    248.5    205.1    237.8    229.1    247.6    213.3    236.5    229.1    237.6    226.5    210.9    213.1    196.5    216.5    227.3    233.7    215.8    230.5    213.5    251.1    247.3    204.1    236.6    227.9    246.5    212.3    235.3    227.9    236.4    225.3    209.8    211.9    195.5    215.4    226.1    232.4    214.7    229.3    212.4    249.8    246.1    203.1    235.3    226.6    245.3    211.2    234.0    226.7    235.2    224.1    208.7    210.7    194.5    214.3    225.0    231.2    213.6    228.1    211.2    248.5    244.9    202.2    234.1    225.4    244.2    210.2    232.8    225.4    234.0    222.9    207.6    209.6    193.6    213.0    222.7    228.3    210.6    225.2    208.8    246.1    243.0    200.8    232.6    224.0    243.0    209.2    231.7    224.3    233.0    221.9    206.7    208.6    192.8    211.9    221.5    227.2    209.8    224.4    208.1    245.2    242.1    200.1    231.7    223.2    242.2    208.5    230.8    223.5    232.2    221.1    205.9    207.8    192.1    211.0    220.5    226.3    209.2    223.8    207.5    244.6    241.7    199.8    231.2    222.7    241.9    208.3    230.6    223.4    232.1    221.1    206.0    208.0    192.3    211.3    220.9    226.8    209.6    224.3    208.0    245.3    242.2    200.3    231.9    223.4    242.6    208.9    231.3    224.1    232.8    221.8    206.7    208.7    192.9    212.1    221.8    227.6    210.2    225.0    208.6    246.0    242.9    200.8    232.6    224.1    243.2    209.4    232.0    224.8    233.5    222.5    207.2    209.2    193.4    212.8    222.5    228.2    210.7    225.4    209.1    246.5    243.4    201.2    233.1    224.6    243.6    209.8    232.4    225.2    233.9    222.9    207.6    209.7    193.7    213.2    222.9    228.6    211.0    225.7    209.3    246.8    243.6    201.4    233.4    224.9    243.9    210.0    232.7    225.4    234.1    223.1    207.8    209.9    193.9    213.4    223.1    228.8    211.1    225.8    209.4    246.9    243.7    201.5    233.5    225.0    244.0    210.1    232.8    225.5    234.2    223.1    207.9    209.9    193.9    213.5    223.2    228.9    211.2    225.9    209.4    246.9    243.8    201.5    233.5    225.0    244.0    210.1    232.8    225.5    234.2    223.1    207.9    209.9    193.9    213.5    223.2    228.8    211.2    225.9    209.4    246.9    243.7    201.5    233.5    225.0    244.0    210.1    232.8    225.5    234.2    223.1    207.8    209.9    193.9    213.4    223.1    228.8    211.1    225.8    209.4    246.9    243.7    201.4    233.4    225.0    243.9    210.1    232.7    225.5    234.1    223.1    207.8    209.9    193.8    213.4    223.1    228.8    211.1    225.8    209.4    246.8    243.7    201.4    233.4    224.9    243.9    210.1    232.7    225.4    234.1    223.1    207.8    209.8    193.8    213.4    223.1    228.7    211.1    225.8    209.4    246.8    243.7    201.4    233.4    224.9    243.9    210.0    232.7    225.4    234.1    223.0    207.8    209.8    193.8    213.4    223.1    228.7    211.1    225.8    209.4    246.8    243.6    201.4    233.4    224.9    243.9    210.0    232.7    225.4    234.1    223.0    207.8    209.8    193.8    213.4    223.1    228.7    211.1    225.8    209.3    246.8    243.6    201.4    233.4    224.9    243.9    210.0    232.7    225.4    234.1    223.0    207.8    209.8    193.8    213.4    223.1    228.7    211.1    225.8    209.4    246.8    243.6    201.4    233.4    224.9    243.9    210.0    232.7    225.4    234.1    223.0    207.8    209.8    193.8    213.4    223.1    228.7    211.1    225.8    209.4    246.8    243.7    201.4    233.4    224.9    243.9    210.0    232.7    225.4    234.1    223.0    207.8    209.8    193.8    213.4    223.1

trn v1 63.500 -115.500      0.0    208.1    190.6    176.8    167.6    164.7    174.3    239.6    216.5    186.1    166.9    196.5    185.3    181.7    170.9    154.6    141.7    123.8    125.5    139.0    132.8    128.7    135.2    131.1    141.5    142.1    105.5    144.4    137.2    133.5    115.8    136.7    137.0    139.8    140.3    127.0    124.1    117.8    121.4    131.9    128.1    130.4    137.2    128.2    138.1    142.9    106.1    144.6    131.9    132.9    115.2    136.5    131.5    138.9    139.1    126.3    122.4    116.1    119.7    129.9    126.2    128.6    135.3    126.4    136.2    141.2    104.8    142.6    130.2    131.2    113.8    135.0    130.2    137.4    137.6    124.9    121.2    114.9    118.4    128.5    124.9    127.5    134.0    125.2    134.9    139.9    103.8    141.2    129.0    130.0    112.8    133.9    129.1    136.1    136.4    123.7    120.2    113.9    117.3    127.3    123.7    126.4    132.8    124.0    133.6    138.7    102.9    139.8    127.8    128.8    111.7    132.7    128.0    134.8    135.1    122.5    119.1    112.8    116.2    126.0    122.5    125.2    131.6    122.8    132.3    137.6    102.0    138.5    126.7    127.7    110.7    131.7    126.9    133.7    134.0    121.4    118.1    111.9    115.1    124.3    120.3    123.0    129.2    120.7    130.4    136.2    100.9    137.2    125.6    126.7    109.9    130.9    126.1    132.8    133.2    120.7    117.5    111.2    114.3    123.5    119.6    122.4    128.6    120.2    129.9    135.7    100.5    136.6    125.1    126.2    109.4    130.4    125.7    132.4    132.7    120.3    117.1    110.9    113.9    123.0    119.2    122.1    128.3    119.9    129.6    135.4    100.3    136.2    124.8    125.9    109.2    130.2    125.4    132.1    132.5    120.1    117.0    110.7    113.7    122.8    119.1    122.0    128.1    119.7    129.3    135.1     99.9    135.7    124.3    125.3    108.6    129.5    124.6    131.2    131.4    119.0    116.0    109.6    112.1    121.0    117.4    120.6    126.5    118.2    127.7    133.6     98.6    133.7    122.0    122.5    106.0    126.9    122.0    128.8    129.3    117.2    114.6    108.3    110.6    118.9    115.0    118.2    124.2    116.2    125.9    132.2     97.6    132.5    121.0    121.7    105.4    126.3    121.5    128.3    128.9    116.9    114.3    107.9    110.2    118.6    114.8    118.1    124.1    116.1    125.9    132.2     97.6    132.5    121.1    121.8    105.5    126.4    121.7    128.5    129.1    117.1    114.5    108.2    110.5    118.9    115.0    118.3    124.4    116.4    126.2    132.5     97.9    133.0    121.4    122.1    105.8    126.8    122.0    128.8    129.4    117.4    114.8    108.6    111.0    119.4    115.4    118.7    124.7    116.7    126.5    132.8     98.2    133.4    121.9    122.5    106.1    127.1    122.3    129.2    129.8    117.8    115.1    108.9    111.4    120.4    116.9    120.3    126.4    118.1    127.7    133.7     98.8    134.0    122.3    122.9    106.4    127.4    122.6    129.4    130.0    118.0    115.3    109.1    111.6    120.6    117.1    120.5    126.5    118.2    127.9    133.8     98.9    134.2    122.5    123.0    106.5    127.5    122.7    129.5    130.2    118.1    115.4    109.2    111.7    120.7    117.2    120.5    126.6    118.3    127.9    133.9     98.9    134.4    122.5    123.1    106.5    127.5    122.7    129.6    130.2    118.1    115.4    109.2    111.7    120.7    117.3    120.5    126.6    118.3    127.9    133.9     98.9    134.4    122.5    123.1    106.5    127.5    122.7    129.6    130.2    118.1    115.4    109.2    111.7    120.7    117.2    120.5    126.6    118.3    127.9    133.9     98.9    134.3    122.5    123.1    106.5    127.5    122.7    129.6    130.2    118.1    115.4    109.2    111.7    120.7    117.2    120.5    126.6    118.3    127.9    133.9     98.9    134.4    122.5    123.1    106.5    127.5    122.7    129.6    130.2    118.1    115.4    109.2    111.7    120.7    117.3    120.5    126.6    118.3    127.9    133.9     98.9    134.4    122.5    123.1    106.5    127.5    122.7    129.6    130.2    118.1    115.4    109.2    111.8    120.8    117.3    120.5    126.6    118.3    127.9    133.9     98.9    134.4    122.5    123.1    106.5    127.5    122.7    129.6    130.2    118.1    115.4    109.2    111.8    120.8    117.3    120.5    126.6    118.3    128.0    133.9     98.9    134.4    122.6    123.1    106.5    127.5    122.7    129.6    130.2    118.1    115.4    109.2    111.8    120.8
 
 trn v2 63.500 -115.500      0.0    209.3    190.2    176.5    167.3    164.6    174.1    237.7    212.4    181.2    162.9    190.3    179.6    178.9    168.2    150.1    137.8    123.0    124.7    138.4    132.3    128.0    135.0    129.9    141.6    141.8    105.5    143.4    137.7    134.0    116.2    135.1    136.5    139.9    140.3    125.3    122.6    118.3    121.3    132.0    128.3    130.1    137.0    126.7    138.3    143.3    106.2    143.6    132.5    133.4    115.7    135.0    131.3    139.2    139.2    124.7    121.2    116.8    119.8    130.1    126.5    128.4    135.4    125.4    136.5    141.9    104.9    141.8    131.1    131.9    114.3    133.8    130.2    137.7    137.9    123.6    120.4    115.7    118.6    128.8    125.3    127.3    134.2    124.4    135.3    140.8    104.0    140.5    130.0    130.7    113.3    132.8    129.1    136.5    136.7    122.7    119.6    114.6    117.5    127.6    124.2    126.2    133.0    123.4    134.1    139.6    103.1    139.2    128.8    129.6    112.3    131.8    128.0    135.3    135.5    121.8    118.9    113.6    116.4    126.3    123.0    125.1    131.8    122.5    132.9    138.4    102.3    138.0    127.7    128.4    111.3    130.9    127.0    134.1    134.4    120.9    118.2    112.7    115.5    124.7    120.8    122.8    129.5    120.6    131.0    137.0    101.3    136.7    126.7    127.5    110.5    130.1    126.3    133.3    133.6    120.3    117.6    112.1    114.7    123.9    120.1    122.3    128.9    120.1    130.5    136.5    100.9    136.1    126.2    127.0    110.1    129.7    125.9    132.8    133.2    119.9    117.3    111.7    114.3    123.4    119.8    122.0    128.6    119.8    130.2    136.2    100.7    135.8    125.9    126.7    109.9    129.5    125.7    132.6    133.0    119.8    117.1    111.6    114.1    123.3    119.6    121.9    128.4    119.6    129.9    135.9    100.4    135.3    125.4    126.1    109.3    128.8    125.0    131.7    131.9    118.8    116.1    110.5    112.5    121.5    118.0    120.5    126.9    118.1    128.3    134.3     99.2    133.4    123.1    123.4    106.7    126.6    122.9    129.3    129.9    117.4    114.8    109.1    111.1    119.5    115.6    118.3    124.7    116.2    126.6    133.0     98.3    132.3    122.2    122.6    106.2    126.1    122.4    128.9    129.5    117.1    114.6    108.8    110.7    119.1    115.4    118.2    124.6    116.1    126.6    133.0     98.3    132.3    122.2    122.7    106.3    126.2    122.5    129.0    129.6    117.2    114.7    109.1    111.0    119.4    115.7    118.5    124.8    116.4    126.9    133.3     98.6    132.7    122.6    123.0    106.6    126.5    122.9    129.4    130.0    117.5    115.0    109.5    111.5    119.9    116.1    118.8    125.2    116.7    127.2    133.6     98.9    133.2    123.1    123.4    106.8    126.8    123.2    129.7    130.3    117.9    115.3    109.8    111.9    120.9    117.6    120.3    126.8    118.1    128.4    134.5     99.4    133.8    123.5    123.8    107.1    127.0    123.4    130.0    130.6    118.1    115.5    109.9    112.1    121.1    117.8    120.4    126.9    118.3    128.5    134.6     99.5    134.0    123.6    123.9    107.2    127.1    123.5    130.1    130.7    118.1    115.6    110.0    112.2    121.2    117.9    120.5    127.0    118.3    128.6    134.6     99.5    134.0    123.7    124.0    107.2    127.2    123.5    130.1    130.7    118.2    115.6    110.0    112.2    121.2    117.9    120.5    127.0    118.3    128.6    134.6     99.5    134.0    123.7    124.0    107.2    127.2    123.5    130.1    130.7    118.1    115.6    110.0    112.2    121.2    117.9    120.5    127.0    118.3    128.6    134.6     99.5    134.0    123.7    123.9    107.2    127.1    123.5    130.1    130.7    118.1    115.6    110.0    112.2    121.2    117.9    120.5    127.0    118.3    128.6    134.6     99.5    134.0    123.7    124.0    107.2    127.2    123.5    130.1    130.7    118.2    115.6    110.0    112.2    121.2    117.9    120.5    127.0    118.3    128.6    134.6     99.5    134.0    123.7    124.0    107.2    127.2    123.5    130.1    130.7    118.2    115.6    110.0    112.2    121.2    117.9    120.5    127.0    118.3    128.6    134.6     99.5    134.1    123.7    124.0    107.2    127.2    123.5    130.1    130.7    118.2    115.6    110.0    112.2    121.2    117.9    120.5    127.0    118.3    128.6    134.7     99.5    134.1    123.7    124.0    107.2    127.2    123.5    130.1    130.7    118.2    115.6    110.0    112.2    121.2

 trn v3 63.500 -115.500      0.0    211.0    191.7    177.0    167.8    165.1    174.7    239.1    215.1    185.0    166.4    195.6    185.1    182.2    170.9    153.6    141.5    124.9    126.6    140.0    134.0    129.5    136.4    132.1    143.1    144.6    107.3    145.2    138.9    135.3    117.5    138.5    138.8    141.3    141.6    127.6    125.5    119.2    122.8    133.2    129.5    131.3    138.4    129.2    139.8    145.5    107.8    145.4    133.7    134.7    116.9    138.4    133.4    140.5    140.4    126.9    123.8    117.6    121.0    131.3    127.7    129.6    136.6    127.5    137.9    143.8    106.6    143.5    132.1    133.1    115.6    137.2    132.1    138.9    139.0    125.8    122.7    116.4    119.8    129.9    126.4    128.5    135.4    126.3    136.6    142.7    105.6    142.2    130.9    131.9    114.7    136.2    131.0    137.7    137.8    124.8    121.7    115.4    118.7    128.7    125.3    127.5    134.2    125.1    135.4    141.5    104.6    140.8    129.7    130.7    113.6    135.0    129.8    136.4    136.6    123.7    120.7    114.3    117.6    127.4    124.1    126.5    133.0    123.9    134.2    140.4    103.6    139.5    128.5    129.5    112.6    133.8    128.7    135.3    135.5    122.6    119.8    113.4    116.6    126.4    123.1    125.6    132.0    123.0    133.2    139.5    102.8    138.5    127.6    128.7    111.8    132.9    127.9    134.4    134.7    121.9    119.2    112.7    115.9    125.6    122.4    125.0    131.3    122.3    132.5    138.9    102.3    137.8    127.1    128.1    111.3    132.3    127.4    133.9    134.2    121.4    118.8    112.3    115.5    124.6    120.9    123.3    129.6    120.9    131.3    138.0    101.7    137.2    126.7    127.8    111.1    132.1    127.1    133.7    134.0    121.3    118.7    112.2    115.4    124.4    120.8    123.2    129.5    120.7    131.1    137.7    101.4    136.8    126.2    127.2    110.4    131.4    126.3    132.8    133.0    120.2    117.6    111.1    113.8    122.6    119.1    121.7    127.9    119.2    129.5    136.0    100.1    135.0    124.6    125.6    109.0    129.9    124.8    131.2    131.5    118.9    116.4    110.0    112.4    121.1    117.9    120.6    126.9    118.3    128.6    135.2     99.5    134.0    123.2    123.7    107.1    127.9    123.2    129.8    130.4    118.1    115.8    109.5    111.9    120.7    117.6    120.4    126.8    118.2    128.5    135.1     99.4    134.0    123.2    123.8    107.1    128.0    123.3    130.0    130.6    118.3    116.0    109.7    112.2    121.0    117.9    120.7    127.0    118.5    128.8    135.5     99.7    134.5    124.2    125.3    108.8    129.7    124.8    131.2    131.6    119.0    116.6    110.2    112.7    121.5    118.3    121.1    127.4    118.9    129.2    135.8    100.0    134.9    124.6    125.7    109.1    130.0    125.1    131.6    131.9    119.4    116.9    110.5    113.1    121.9    118.6    121.4    127.7    119.2    129.5    136.1    100.2    135.2    124.8    125.9    109.4    130.3    125.3    131.8    132.2    119.6    117.1    110.7    113.3    122.2    118.9    121.6    127.9    119.3    129.7    136.3    100.4    135.3    125.0    126.1    109.5    130.4    125.5    132.0    132.3    119.7    117.2    110.8    113.4    122.3    119.0    121.6    128.0    119.4    129.7    136.4    100.4    135.4    125.0    126.1    109.6    130.5    125.5    132.0    132.3    119.7    117.2    110.8    113.5    122.4    119.0    121.7    128.0    119.4    129.7    136.4    100.4    135.4    125.1    126.1    109.6    130.5    125.5    132.0    132.3    119.7    117.2    110.8    113.5    122.4    119.0    121.7    128.0    119.4    129.7    136.4    100.4    135.4    125.0    126.1    109.5    130.5    125.5    132.0    132.3    119.7    117.2    110.8    113.5    122.4    119.0    121.7    128.0    119.4    129.7    136.4    100.4    135.4    125.1    126.1    109.6    130.5    125.5    132.0    132.3    119.7    117.2    110.8    113.5    122.4    119.0    121.7    128.0    119.4    129.7    136.4    100.4    135.4    125.1    126.1    109.6    130.5    125.5    132.0    132.3    119.7    117.2    110.8    113.5    122.4    119.0    121.7    128.0    119.4    129.8    136.4    100.4    135.4    125.1    126.2    109.6    130.5    125.5    132.0    132.3    119.7    117.2    110.8    113.5    122.4    119.0    121.7    128.0    119.4    129.8    136.4    100.4    135.4    125.1    126.2    109.6    130.5    125.5    132.0    132.3    119.7    117.2    110.8    113.5    122.4

 trn v4 63.500 -115.500     18.5     72.9     93.9    106.0    116.5    127.2    104.5    144.7    135.1    132.8    119.0    143.0    135.4    136.5    142.2    129.9    125.6    113.7    122.1    131.9    130.0    126.4    138.0    129.2    140.6    142.0    107.6    146.2    133.6    131.3    117.7    141.7    134.3    135.7    141.7    129.5    125.5    113.7    122.3    132.2    130.4    126.8    138.6    129.7    141.3    142.6    108.1    146.9    134.4    132.0    118.3    142.3    134.9    136.3    142.2    130.0    125.9    114.0    122.6    132.5    130.7    127.0    138.8    129.9    141.4    142.7    108.1    146.9    134.3    131.9    118.1    142.1    134.6    136.0    141.9    129.7    125.5    113.7    122.2    132.0    130.1    126.5    138.2    129.2    140.6    141.9    107.5    146.1    133.4    131.1    117.4    141.2    133.7    135.1    140.9    128.7    124.5    112.8    121.2    131.0    129.0    125.5    137.1    128.2    139.4    140.8    106.6    144.8    132.2    129.9    116.3    140.0    132.5    133.8    139.7    127.6    123.3    111.8    120.1    129.8    127.7    124.3    135.8    127.0    138.0    139.5    105.5    143.5    130.9    128.7    115.2    138.7    131.1    132.6    138.4    126.4    122.1    110.7    119.0    128.6    126.4    123.2    134.6    125.9    136.7    138.2    104.5    142.2    129.7    127.5    114.1    137.5    130.0    131.4    137.3    125.3    121.0    109.8    117.9    127.5    125.3    122.2    133.5    124.8    135.5    137.1    103.7    141.0    128.5    126.5    113.2    136.4    128.9    130.4    136.3    124.3    120.0    109.0    116.9    125.8    123.0    119.9    131.3    122.9    133.7    135.6    102.5    139.8    127.4    125.5    112.4    135.4    128.0    129.5    135.4    123.6    119.2    108.3    116.0    124.9    122.1    119.3    130.7    122.4    133.1    135.1    102.2    139.4    127.1    125.3    112.2    135.3    127.8    129.4    135.5    123.7    119.3    108.5    116.3    125.3    122.6    119.7    131.2    122.9    133.7    135.7    102.7    140.1    127.8    126.0    112.8    136.0    128.6    130.2    136.2    124.4    120.1    109.2    117.1    126.2    123.5    120.4    131.9    123.6    134.5    136.4    103.3    140.8    128.5    126.6    113.4    136.7    129.3    130.9    136.9    125.0    120.7    109.7    117.8    126.9    124.1    120.9    132.4    124.0    135.0    136.9    103.7    141.3    129.0    127.1    113.8    137.2    129.8    131.3    137.3    125.4    121.1    110.0    118.2    127.8    125.7    122.6    134.0    125.4    136.2    137.8    104.3    141.9    129.5    127.4    114.1    137.4    130.0    131.5    137.4    125.5    121.2    110.1    118.3    127.9    125.8    122.7    134.1    125.5    136.3    137.9    104.3    142.0    129.5    127.5    114.1    137.5    130.0    131.5    137.5    125.6    121.3    110.1    118.3    128.0    125.8    122.7    134.2    125.5    136.3    137.9    104.3    142.0    129.5    127.5    114.1    137.5    130.0    131.5    137.5    125.5    121.2    110.1    118.3    127.9    125.8    122.7    134.1    125.5    136.3    137.9    104.3    141.9    129.5    127.4    114.1    137.5    130.0    131.5    137.4    125.5    121.2    110.1    118.3    127.9    125.8    122.7    134.1    125.4    136.3    137.8    104.3    141.9    129.5    127.4    114.1    137.4    130.0    131.5    137.4    125.5    121.2    110.0    118.2    127.9    125.7    122.7    134.1    125.4    136.2    137.8    104.3    141.9    129.4    127.4    114.0    137.4    129.9    131.4    137.4    125.5    121.2    110.0    118.2    127.9    125.7    122.6    134.1    125.4    136.2    137.8    104.2    141.9    129.4    127.4    114.0    137.4    129.9    131.4    137.4    125.4    121.2    110.0    118.2    127.8    125.7    122.6    134.0    125.4    136.2    137.8    104.2    141.9    129.4    127.4    114.0    137.4    129.9    131.4    137.4    125.4    121.2    110.0    118.2    127.8    125.7    122.6    134.0    125.4    136.2    137.8    104.2    141.9    129.4    127.4    114.0    137.4    129.9    131.4    137.4    125.4    121.2    110.0    118.2    127.8    125.7    122.6    134.0    125.4    136.2    137.8    104.2    141.9    129.4    127.4    114.0    137.4    129.9    131.4    137.4    125.4    121.2    110.0    118.2    127.8    125.7    122.6    134.0    125.4    136.2    137.8    104.2    141.9    129.4    127.4    114.0    137.4    129.9    131.4    137.4    125.5    121.2    110.0    118.2    127.9

 trn v5 63.500 -115.500     14.3     70.3     93.3    105.5    115.1    125.5    103.7    143.0    134.0    131.1    117.5    141.3    134.1    135.4    140.5    128.2    124.7    112.7    120.9    130.8    128.1    125.1    136.3    127.7    138.4    139.9    106.4    144.1    132.2    129.4    116.0    139.6    132.7    134.3    139.7    127.7    124.2    112.5    120.8    130.8    128.2    125.3    136.7    128.1    138.8    140.3    106.8    144.6    132.7    129.8    116.4    140.1    133.2    134.7    140.1    128.0    124.6    112.7    121.0    131.1    128.4    125.4    136.8    128.2    138.9    140.3    106.8    144.5    132.6    129.7    116.3    139.9    132.9    134.4    139.7    127.6    124.2    112.3    120.6    130.5    127.8    124.9    136.2    127.6    138.1    139.6    106.1    143.7    131.7    128.9    115.5    139.0    131.9    133.5    138.8    126.8    123.2    111.5    119.7    129.5    126.7    123.9    135.1    126.5    136.9    138.4    105.2    142.5    130.5    127.8    114.5    137.8    130.7    132.3    137.6    125.7    122.0    110.5    118.6    128.3    125.5    122.8    133.9    125.4    135.6    137.2    104.2    141.2    129.3    126.6    113.4    136.5    129.5    131.0    136.4    124.5    120.8    109.5    117.4    127.2    124.2    121.7    132.7    124.3    134.3    136.0    103.2    139.9    128.0    125.4    112.4    135.3    128.3    129.9    135.2    123.5    119.7    108.6    116.2    125.3    121.9    119.3    130.3    122.2    132.3    134.3    102.1    138.6    126.8    124.3    111.4    134.2    127.2    128.9    134.2    122.6    118.7    107.8    115.2    124.2    120.8    118.5    129.5    121.5    131.4    133.5    101.4    137.7    125.9    123.5    110.7    133.3    126.4    128.0    133.4    121.8    118.0    107.1    114.3    123.3    119.9    117.8    128.9    120.9    130.8    133.0    101.0    137.2    125.5    123.2    110.5    133.1    126.2    128.0    133.4    121.9    118.1    107.3    114.6    123.7    120.4    118.2    129.4    121.4    131.4    133.5    101.5    137.9    126.2    123.9    111.0    133.9    126.9    128.7    134.1    122.5    118.8    107.9    115.4    124.5    121.2    118.9    130.0    122.0    132.1    134.2    102.0    138.6    126.9    124.5    111.6    134.5    127.6    129.3    134.8    123.1    119.4    108.4    116.0    125.2    121.8    119.4    130.5    122.5    132.6    134.7    102.4    139.1    127.4    124.9    112.0    135.0    128.1    129.7    135.2    123.5    119.8    108.7    116.4    125.6    122.2    119.7    130.8    122.8    132.9    135.0    102.6    139.4    127.6    125.2    112.2    135.2    128.3    130.0    135.4    123.7    120.0    108.8    116.6    125.8    122.4    119.8    130.9    122.9    133.1    135.1    102.7    139.5    127.7    125.3    112.3    135.3    128.4    130.0    135.4    123.7    120.0    108.9    116.7    125.8    122.4    119.9    131.0    122.9    133.1    135.1    102.7    139.5    127.8    125.3    112.3    135.3    128.4    130.1    135.4    123.7    120.0    108.9    116.7    125.8    122.4    119.8    131.0    122.9    133.1    135.1    102.7    139.5    127.7    125.3    112.3    135.3    128.3    130.0    135.4    123.7    120.0    108.9    116.6    125.8    122.4    119.8    130.9    122.9    133.0    135.1    102.7    139.4    127.7    125.2    112.3    135.3    128.3    130.0    135.4    123.7    120.0    108.8    116.6    125.8    122.4    119.8    130.9    122.8    133.0    135.0    102.7    139.4    127.7    125.2    112.2    135.2    128.3    130.0    135.4    123.7    120.0    108.8    116.6    125.7    122.3    119.8    130.9    122.8    133.0    135.0    102.7    139.4    127.7    125.2    112.2    135.2    128.3    129.9    135.3    123.6    119.9    108.8    116.6    125.7    122.3    119.8    130.9    122.8    133.0    135.0    102.7    139.4    127.7    125.2    112.2    135.2    128.3    129.9    135.3    123.6    119.9    108.8    116.6    125.7    122.3    119.7    130.9    122.8    133.0    135.0    102.7    139.4    127.7    125.2    112.2    135.2    128.3    129.9    135.3    123.6    119.9    108.8    116.6    125.7    122.3    119.7    130.9    122.8    133.0    135.0    102.7    139.4    127.7    125.2    112.2    135.2    128.3    129.9    135.3    123.6    119.9    108.8    116.6    125.7    122.3    119.8    130.9    122.8    133.0    135.0    102.7    139.4    127.7    125.2    112.2    135.2    128.3    129.9    135.3    123.6    119.9    108.8    116.6    125.7

rof v1 63.500 -115.500      0.0      0.0      1.7      7.2     59.2     53.7     46.4     21.6      0.0      0.0      8.8      0.0      3.1     21.9     27.7      0.3      1.6     18.1     11.2     25.1     43.9     10.6     17.9      1.7     32.3      2.9      6.2     21.2     19.3     13.0      6.6      0.0      8.9     23.9     28.3      0.0      1.5     17.0     10.6     21.8     42.7     11.0     16.7      0.8     34.0      4.8      6.1     20.7     19.4     17.2      7.0      0.0      9.3     28.2     29.0      0.1      2.5     18.7     11.8     23.5     44.3     12.3     18.2      1.7     35.9      5.8      7.0     22.4     21.0     18.5      8.0      0.0     10.4     30.2     30.1      0.7      3.8     20.1     12.7     24.4     45.4     13.0     19.3      2.4     37.2      6.5      7.6     23.6     22.1     19.4      8.7      0.0     11.3     31.7     31.0      1.4      4.4     21.4     13.6     25.3     46.5     13.5     20.4      3.3     38.2      7.2      8.2     24.7     23.2     20.3      9.5      0.0     12.0     33.2     32.0      2.1      5.2     22.7     14.5     26.2     47.6     13.9     21.3      4.2     39.2      7.4      8.9     26.0     24.2     21.2     10.1      0.0     13.5     34.3     32.8      2.7      5.8     23.8     15.3     27.2     49.4     15.0     24.1      6.5     41.2      8.3     10.1     27.2     25.4     22.1     10.6      0.0     14.8     35.1     33.4      3.2      6.2     24.7     15.8     27.9     50.1     15.3     24.7      6.9     41.6      8.4     10.8     27.5     25.8     22.5     10.7      0.0     15.4     35.5     33.8      3.4      6.4     25.1     16.1     28.2     50.5     15.3     25.1      7.1     41.9      8.5     11.2     27.7     26.1     22.7     10.8      0.0     15.9     35.7     33.9      3.6      6.5     25.3     16.2     28.4     50.6     15.4     25.3      7.2     42.0      8.6     11.5     27.9     26.5     23.2     11.1      0.0     16.9     36.4     34.7      4.1      7.1     26.6     17.2     29.8     52.2     16.0     26.7      8.3     43.3      9.1     13.4     28.9     28.1     25.5     12.3      0.6     22.0     39.0     36.7      5.3      7.9     28.7     18.5     31.2     54.5     17.9     29.2     10.4     45.2      9.9     15.2     29.7     29.2     26.3     12.7      1.0     22.6     39.4     37.0      5.5      8.0     29.0     18.8     31.5     54.8     18.0     29.3     10.4     45.2      9.9     15.2     29.7     29.2     26.3     12.7      1.0     22.5     39.3     36.9      5.4      7.9     28.9     18.6     31.3     54.5     17.8     29.1     10.3     45.0      9.9     14.9     29.5     28.8     26.0     12.4      0.8     22.2     39.0     36.7      5.2      7.8     28.5     18.2     30.9     54.0     17.6     28.9     10.0     44.8      9.7     14.5     29.3     28.4     25.6     12.3      0.6     21.9     38.7     36.4      5.1      7.5     28.2     17.9     30.5     52.8     16.1     27.0      8.4     43.4      9.1     13.3     28.7     27.9     25.2     12.2      0.3     21.5     38.5     36.2      4.9      7.4     28.0     17.7     30.3     52.6     16.1     26.8      8.3     43.2      9.0     13.1     28.7     27.7     25.0     12.2      0.2     21.4     38.4     36.2      4.9      7.3     27.9     17.6     30.2     52.5     16.0     26.8      8.2     43.2      9.0     13.1     28.6     27.6     25.0     12.2      0.2     21.3     38.4     36.1      4.8      7.3     27.9     17.6     30.2     52.5     16.0     26.7      8.2     43.2      9.0     13.0     28.6     27.6     25.0     12.2      0.2     21.3     38.4     36.1      4.8      7.3     27.9     17.6     30.2     52.5     16.0     26.8      8.2     43.2      9.0     13.1     28.6     27.6     25.0     12.2      0.2     21.3     38.4     36.1      4.9      7.3     27.9     17.6     30.2     52.5     16.0     26.8      8.2     43.2      9.0     13.1     28.6     27.6     25.0     12.2      0.2     21.3     38.4     36.1      4.8      7.3     27.9     17.6     30.2     52.5     16.0     26.7      8.2     43.2      9.0     13.0     28.6     27.6     25.0     12.2      0.2     21.3     38.4     36.1      4.8      7.3     27.9     17.6     30.2     52.5     16.0     26.7      8.2     43.2      9.0     13.0     28.6     27.6     25.0     12.2      0.2     21.3     38.4     36.1      4.8      7.3     27.9     17.6     30.1     52.5     16.0     26.7      8.2     43.2      9.0     13.0     28.6     27.6     25.0     12.2      0.2     21.3     38.4     36.1      4.8      7.3     27.9     17.6     30.1

rof v2 63.500 -115.500      0.0      0.0      3.3      1.7     55.8     50.6     44.6     18.6      0.0      0.0      0.0      0.0      0.0      8.1     22.6      0.0      0.0      6.4     10.3     23.8     40.1      3.7      9.7      0.0     24.0      0.0      0.5     19.7      7.3     18.0      3.4      0.0      0.0     21.5     27.1      0.0      0.0     10.7     10.5     19.9     40.0      5.2      9.1      0.0     24.4      0.0      1.8     19.3      7.3     23.1      3.9      0.0      0.0     27.3     27.8      0.0      0.0     13.0     11.5     22.6     41.8      6.9      9.8      0.0     28.2      0.1      4.0     21.4      8.5     25.2      5.2      0.0      0.8     30.5     29.1      0.0      0.0     16.3     12.6     23.8     43.1      8.0     11.0      0.0     30.4      0.8      5.1     22.8      9.5     26.6      6.2      0.0      2.6     32.1     30.2      0.0      0.0     19.2     13.6     24.9     44.4      9.1     12.1      0.0     32.7      1.7      6.1     24.1     10.5     28.1      7.1      0.0      4.6     33.6     31.3      0.0      0.0     22.1     14.6     26.0     45.7     10.1     13.3      0.1     34.7      2.7      6.7     25.7     11.7     29.3      8.0      0.0      6.3     35.1     32.3      0.0      0.0     24.7     15.5     27.1     47.8     12.3     16.2      1.8     38.0      4.4      7.6     28.0     13.1     30.4      8.8      0.0      7.6     36.3     33.1      0.0      0.8     25.9     16.0     27.9     48.6     12.9     16.8      2.2     38.7      4.6      8.1     28.6     13.7     31.0      9.2      0.0      8.2     37.1     33.5      0.0      1.4     26.5     16.4     28.4     49.1     13.2     17.2      2.5     39.0      4.8      8.2     29.0     14.0     31.2      9.4      0.0      8.4     37.5     33.7      0.0      1.6     26.7     16.5     28.6     49.2     13.2     17.4      2.6     39.3      5.1      8.4     29.4     14.5     31.8      9.8      0.0      9.4     38.8     34.6      0.0      3.2     28.2     17.6     30.4     51.1     14.0     19.5      4.0     40.8      6.1      9.2     31.7     16.5     34.5     11.7      0.1     13.2     44.5     37.2      0.2      5.6     30.6     19.1     32.1     53.4     15.5     23.4      6.6     43.1      7.4     11.0     33.0     17.8     35.5     12.1      0.6     14.2     45.0     37.6      0.4      5.8     31.1     19.5     32.5     53.8     15.6     23.6      6.6     43.1      7.4     11.0     33.0     17.8     35.4     12.0      0.5     14.0     44.9     37.5      0.3      5.7     30.9     19.2     32.2     53.5     15.4     23.2      6.4     42.9      7.3     10.5     32.8     17.3     35.0     11.8      0.3     13.6     44.5     37.2      0.2      5.4     30.3     18.8     31.7     52.9     15.3     22.7      6.1     42.6      7.3      9.9     32.5     16.8     34.6     11.7      0.1     12.9     44.2     36.8      0.0      5.1     29.9     18.4     31.2     51.6     14.4     19.8      4.1     40.8      6.1      9.2     31.4     16.1     34.1     11.6      0.0     12.4     43.7     36.6      0.0      4.7     29.6     18.2     30.9     51.4     14.2     19.7      4.0     40.7      6.0      9.0     31.3     15.9     33.9     11.5      0.0     12.3     43.6     36.5      0.0      4.6     29.5     18.2     30.8     51.3     14.2     19.6      3.9     40.6      6.0      9.0     31.2     15.8     33.9     11.4      0.0     12.2     43.5     36.5      0.0      4.6     29.4     18.2     30.8     51.3     14.1     19.6      3.9     40.6      6.0      9.0     31.2     15.8     33.9     11.4      0.0     12.2     43.5     36.5      0.0      4.6     29.4     18.2     30.8     51.3     14.2     19.6      3.9     40.7      6.0      9.0     31.2     15.8     33.9     11.5      0.0     12.2     43.5     36.5      0.0      4.6     29.5     18.2     30.8     51.3     14.2     19.6      3.9     40.6      6.0      9.0     31.2     15.8     33.9     11.4      0.0     12.2     43.5     36.5      0.0      4.6     29.4     18.2     30.8     51.3     14.1     19.6      3.9     40.6      6.0      9.0     31.2     15.8     33.9     11.4      0.0     12.2     43.5     36.5      0.0      4.6     29.4     18.1     30.8     51.3     14.1     19.6      3.9     40.6      6.0      9.0     31.2     15.8     33.9     11.4      0.0     12.2     43.5     36.5      0.0      4.6     29.4     18.1     30.8     51.3     14.1     19.6      3.9     40.6      6.0      9.0     31.2     15.8     33.9     11.4      0.0     12.2     43.5     36.5      0.0      4.6     29.4     18.1     30.8

rof v3 63.500 -115.500      0.0      4.6      8.6     12.6     62.5     57.6     50.9     23.7      0.0      0.0      6.1      0.0      0.1     21.1     30.1      0.0      0.0     18.8     16.2     34.7     50.3     11.2     17.9      3.6     37.6      4.1      8.4     33.1     16.1     26.2     10.6      0.0     10.5     34.6     35.8      0.0      0.9     26.7     16.4     31.4     50.3     12.5     16.5      1.9     40.0      6.4      8.6     32.5     16.1     31.4     11.0      0.0     11.0     40.4     36.7      0.0      2.2     28.9     18.0     33.3     52.2     13.6     18.9      3.4     42.2      7.3      9.7     35.0     18.0     33.0     11.6      0.0     13.2     42.9     38.1      0.0      4.0     30.8     19.1     34.5     53.5     14.4     20.3      4.6     43.3      8.0     11.4     36.0     19.4     34.2     12.2      0.4     15.4     44.1     39.3      0.1      5.5     32.4     20.1     35.7     54.6     14.9     22.0      5.8     44.6      8.5     13.2     37.0     20.8     35.4     12.9      1.4     17.0     45.4     40.5      0.7      6.4     34.2     21.1     37.0     55.8     15.4     23.7      6.9     45.8      9.1     15.0     38.0     22.1     36.6     14.1      2.3     18.4     46.5     41.6      1.5      7.1     35.9     22.0     38.1     56.9     15.9     25.1      7.9     46.7      9.6     16.3     38.8     23.1     37.5     14.9      2.9     19.5     47.4     42.4      2.1      7.3     37.2     22.6     38.8     57.6     16.1     25.9      8.5     47.4      9.9     17.1     39.3     23.8     38.1     15.4      3.3     20.2     47.9     42.9      2.5      7.7     37.8     22.9     39.4     59.0     18.2     28.1     10.6     49.2     11.5     18.2     40.0     24.4     38.6     15.8      3.4     20.6     48.1     43.1      2.6      7.9     37.9     23.1     39.5     59.1     18.3     28.2     10.7     49.4     11.7     18.5     40.3     24.9     39.1     16.4      3.4     21.9     49.0     44.0      3.4      8.8     39.3     24.2     41.5     60.9     20.0     29.8     11.9     51.1     13.3     20.1     41.7     26.7     40.8     17.9      4.1     24.2     50.6     45.4      4.5     10.3     40.7     25.4     43.2     62.4     21.2     30.8     12.8     52.0     14.1     20.9     42.4     27.7     42.6     20.4      5.4     27.8     52.8     47.0      5.3     11.3     41.7     25.9     43.7     62.8     21.5     31.0     12.9     52.1     14.2     20.9     42.4     27.7     42.6     20.3      5.4     27.6     52.7     46.9      5.2     11.1     41.5     25.7     43.4     62.5     21.2     30.7     12.7     51.8     13.9     20.6     42.1     27.1     41.1     18.2      4.1     24.6     50.6     45.3      4.4     10.2     40.5     25.1     42.8     62.0     20.8     30.3     12.3     51.4     13.5     20.3     41.8     26.7     40.8     17.8      4.1     23.9     50.3     45.0      4.2      9.8     40.2     24.8     42.4     61.6     20.4     30.0     12.1     51.2     13.2     20.0     41.6     26.4     40.5     17.6      4.1     23.4     50.0     44.8      4.0      9.5     40.0     24.6     42.1     61.4     20.2     29.9     11.9     51.0     13.1     19.9     41.5     26.3     40.3     17.4      4.1     23.2     49.9     44.7      3.9      9.4     39.9     24.5     41.9     61.2     20.1     29.8     11.8     50.9     13.0     19.8     41.4     26.2     40.3     17.4      4.0     23.1     49.8     44.6      3.8      9.4     39.8     24.5     41.9     61.1     20.1     29.7     11.8     50.9     13.0     19.8     41.4     26.2     40.3     17.3      4.0     23.1     49.8     44.6      3.8      9.4     39.8     24.5     41.9     61.2     20.1     29.8     11.8     50.9     13.0     19.8     41.4     26.2     40.3     17.4      4.0     23.1     49.8     44.6      3.8      9.4     39.8     24.5     41.9     61.2     20.1     29.8     11.8     50.9     13.0     19.8     41.4     26.2     40.3     17.4      4.0     23.1     49.8     44.6      3.8      9.4     39.8     24.5     41.9     61.1     20.1     29.7     11.8     50.9     13.0     19.8     41.4     26.2     40.3     17.3      4.0     23.1     49.8     44.6      3.8      9.4     39.8     24.5     41.9     61.1     20.1     29.7     11.8     50.9     13.0     19.8     41.4     26.2     40.3     17.3      4.0     23.1     49.8     44.6      3.8      9.4     39.8     24.5     41.9     61.1     20.1     29.7     11.8     50.9     13.0     19.8     41.4     26.2     40.3     17.3      4.0     23.1     49.8     44.6      3.8      9.4     39.8     24.5     41.9

rof v4 63.500 -115.500      0.0     62.4     95.5    101.3     87.3     77.1     70.3     71.5     56.1     62.2     54.4     25.9     55.3     74.0     71.6     22.9     38.4     60.4     47.9     84.1     73.6     51.6     56.4     34.0     75.9     45.5     50.7     67.1     54.2     62.7     55.1     26.8     56.5     75.6     71.6     23.4     38.7     60.5     47.9     83.7     73.6     51.2     55.9     33.5     75.3     44.8     50.0     66.6     53.5     61.9     54.5     26.3     55.8     74.4     71.6     22.8     38.1     60.1     47.5     83.0     73.5     50.9     55.7     33.3     75.1     44.7     49.9     66.5     53.6     62.0     54.6     26.4     56.0     75.0     71.6     23.2     38.6     60.4     47.9     83.9     73.6     51.5     56.2     33.9     75.8     45.5     50.7     67.1     54.4     62.9     55.4     27.1     57.0     76.8     71.7     24.1     39.8     61.2     48.8     85.8     73.7     52.7     57.2     35.0     76.9     46.7     52.0     67.9     55.8     63.8     56.5     28.2     58.3     79.1     71.7     25.3     41.2     62.2     49.9     88.0     73.8     54.0     58.3     36.2     78.1     48.1     53.5     68.9     58.4     64.0     57.7     29.2     59.6     81.6     71.8     26.5     42.6     63.2     51.0     90.2     74.0     55.3     59.4     37.5     79.1     49.4     54.9     69.7     60.9     64.1     58.8     30.3     60.9     83.8     71.9     27.7     43.9     64.1     52.0     92.2     74.1     56.5     60.4     38.6     80.1     50.6     56.1     70.4     63.1     64.2     59.7     31.2     62.1     85.9     72.0     28.7     45.1     64.8     52.9     95.3     74.4     59.4     63.0     43.4     80.4     52.9     58.1     71.5     65.6     64.3     60.7     32.1     63.1     87.6     72.0     29.6     45.9     65.6     53.7     97.1     74.5     60.3     63.6     44.4     80.5     53.4     58.6     71.7     66.4     64.3     60.9     32.3     63.3     87.8     72.0     29.5     45.8     65.4     53.4     96.4     74.5     59.8     63.2     43.4     80.4     52.8     57.9     71.3     65.0     64.3     60.3     31.6     62.5     86.2     72.0     28.7     45.0     64.7     52.7     94.6     74.4     58.9     62.6     42.2     80.4     52.0     57.1     70.8     63.5     64.2     59.6     31.0     61.7     85.0     71.9     28.1     44.3     64.2     52.2     93.3     74.3     58.3     62.1     41.3     80.4     51.5     56.6     70.5     62.5     64.2     59.2     30.6     61.2     84.1     71.9     27.7     43.8     64.0     51.8     91.6     74.0     56.0     60.0     38.0     79.6     49.9     55.3     69.9     61.4     64.1     58.9     30.3     60.9     83.7     71.9     27.5     43.6     63.9     51.7     91.4     74.0     55.9     59.9     37.9     79.5     49.8     55.2     69.9     61.2     64.1     58.8     30.3     60.9     83.6     71.9     27.5     43.6     63.9     51.7     91.4     74.0     55.9     59.9     37.9     79.5     49.8     55.2     69.9     61.2     64.1     58.8     30.3     60.9     83.6     71.9     27.5     43.6     63.9     51.7     91.4     74.0     55.9     59.9     38.0     79.5     49.8     55.2     69.9     61.3     64.1     58.9     30.3     60.9     83.7     71.9     27.5     43.7     63.9     51.7     91.5     74.0     55.9     59.9     38.0     79.5     49.9     55.3     69.9     61.4     64.1     58.9     30.4     61.0     83.8     71.9     27.5     43.7     63.9     51.7     91.5     74.0     56.0     59.9     38.0     79.6     49.9     55.3     69.9     61.4     64.1     58.9     30.4     61.0     83.8     71.9     27.6     43.7     63.9     51.8     91.6     74.0     56.0     60.0     38.0     79.6     49.9     55.3     69.9     61.4     64.1     58.9     30.4     61.0     83.8     71.9     27.6     43.7     63.9     51.8     91.6     74.0     56.0     60.0     38.0     79.6     49.9     55.3     69.9     61.4     64.1     58.9     30.4     61.0     83.8     71.9     27.6     43.7     63.9     51.8     91.6     74.0     56.0     60.0     38.0     79.6     49.9     55.3     69.9     61.4     64.1     58.9     30.4     61.0     83.8     71.9     27.6     43.7     63.9     51.8     91.6     74.0     56.0     60.0     38.0     79.6     49.9     55.3     69.9     61.4     64.1     58.9     30.4     61.0     83.8     71.9     27.6     43.7     63.9     51.8     91.6     74.0     56.0     60.0     38.0     79.6     49.9     55.3     69.9     61.4     64.1     58.9     30.4     61.0     83.8     71.9     27.6     43.7     63.9     51.8     91.6

rof v5  63.500 -115.500      0.0     32.0     86.6     77.4     84.0     57.7     51.0     57.2     39.1     47.2     34.0      8.3     38.2     57.2     58.1      8.2     19.0     49.2     34.5     54.3     71.3     32.1     41.8     18.6     60.9     25.7     33.5     52.0     37.6     48.0     35.0      9.5     39.5     58.6     58.9      8.5     20.0     49.5     34.7     54.4     71.3     31.9     41.6     18.3     60.6     25.3     33.0     51.6     37.0     47.4     34.5      9.0     39.0     58.1     58.5      8.2     19.4     49.2     34.5     54.1     71.0     31.7     41.4     18.2     60.5     25.2     33.0     51.6     37.1     47.5     34.6      9.2     39.3     58.4     58.8      8.5     20.0     49.6     34.8     54.7     71.5     32.3     42.0     18.8     61.1     26.0     33.8     52.2     37.9     48.4     35.4     10.0     40.2     59.4     59.7      8.9     21.5     50.4     35.6     56.3     71.9     33.4     43.0     19.8     62.2     27.2     34.9     53.2     39.1     49.7     36.5     11.0     41.4     60.7     60.8      9.9     23.0     51.3     36.6     58.5     72.0     34.6     44.1     21.0     63.4     28.5     36.1     54.2     40.4     51.1     37.6     12.1     42.6     62.1     62.0     11.1     24.5     52.3     37.7     60.7     72.1     35.9     45.2     22.1     64.5     29.8     37.3     55.2     41.6     52.4     38.7     13.1     43.8     63.4     63.0     12.2     25.8     53.1     38.6     64.2     72.3     39.0     47.9     24.9     67.0     32.1     39.1     56.6     43.0     53.8     39.8     14.1     44.9     64.7     63.9     13.2     26.9     53.9     39.4     66.5     72.4     40.2     48.7     25.7     67.8     33.0     39.9     57.3     43.9     54.7     40.6     14.8     45.8     65.6     64.7     14.0     27.8     54.5     40.1     68.3     72.5     41.1     49.4     26.3     68.4     33.5     40.4     57.6     44.3     55.2     40.9     15.1     46.0     65.7     64.7     14.0     27.7     54.3     39.9     67.7     72.4     40.6     49.0     25.8     67.9     32.9     39.8     57.1     43.7     54.4     40.2     14.5     45.3     65.0     64.1     13.3     26.9     53.8     39.3     66.0     72.4     39.8     48.3     25.2     67.2     32.3     39.2     56.6     43.0     53.7     39.6     13.9     44.6     64.2     63.5     12.7     26.2     53.4     38.8     64.6     72.3     39.1     47.8     24.8     66.8     31.7     38.8     56.2     42.5     53.2     39.2     13.5     44.1     63.7     63.1     12.3     25.7     53.0     38.5     63.8     72.3     38.7     47.6     24.5     66.5     31.5     38.5     56.0     42.2     52.9     39.0     13.3     43.9     63.4     62.9     12.1     25.5     52.9     38.3     63.4     72.3     38.5     47.4     24.4     66.4     31.3     38.4     55.9     42.1     52.8     38.9     13.2     43.8     63.3     62.9     12.0     25.4     52.9     38.3     63.3     72.3     38.4     47.4     24.4     66.4     31.3     38.4     55.8     42.1     52.8     38.9     13.2     43.8     63.3     62.9     12.0     25.4     52.9     38.3     63.3     72.3     38.4     47.4     24.4     66.4     31.3     38.4     55.9     42.1     52.8     38.9     13.2     43.8     63.4     62.9     12.0     25.5     52.9     38.3     63.4     72.3     38.5     47.4     24.4     66.4     31.4     38.4     55.9     42.2     52.8     38.9     13.3     43.9     63.4     62.9     12.1     25.5     52.9     38.3     63.4     72.3     38.5     47.5     24.4     66.4     31.4     38.4     55.9     42.2     52.8     39.0     13.3     43.9     63.4     62.9     12.1     25.5     52.9     38.4     63.5     72.3     38.5     47.5     24.4     66.4     31.4     38.5     55.9     42.2     52.9     39.0     13.3     43.9     63.4     63.0     12.1     25.5     52.9     38.4     63.5     72.3     38.6     47.5     24.4     66.5     31.4     38.5     55.9     42.2     52.9     39.0     13.3     43.9     63.5     63.0     12.1     25.5     52.9     38.4     63.5     72.3     38.6     47.5     24.5     66.5     31.4     38.5     55.9     42.2     52.9     39.0     13.3     43.9     63.5     63.0     12.1     25.5     52.9     38.4     63.5     72.3     38.6     47.5     24.4     66.5     31.4     38.5     55.9     42.2     52.9     39.0     13.3     43.9     63.5     63.0     12.1     25.5     52.9     38.4     63.5     72.3     38.6     47.5     24.4     66.5     31.4     38.5     55.9     42.2     52.9     39.0     13.3     43.9     63.4     63.0     12.1     25.5     52.9     38.4     63.5
